PEDNUM	ID	sbp	r
2	T2DG0200001	174	13.647
2	T2DG0200040	162	9.0687
2	T2DG0200054	149	12.6933
3	T2DG0300126	160	16.3657
3	T2DG0300128	158	11.2795
3	T2DG0300185	154	8.3643
4	T2DG0400219	173	25.7096
4	T2DG0400240	176	9.6486
4	T2DG0400241	185	16.5026
5	T2DG0500338	142	8.1011
5	T2DG0500342	149	8.4335
6	T2DG0600469	170	24.881
8	T2DG0800540	160	8.0033
10	T2DG1000592	187	28.2087
10	T2DG1000595	192	25.8044
10	T2DG1000614	184.5	30.4262
16	T2DG1600773	143	10.056
17	T2DG1700849	157	11.5459
17	T2DG1700872	153.5	9.7399
20	T2DG2000890	189	10.9775
20	T2DG2000914	164	12.8129
20	T2DG2000918	172	20.0519
21	T2DG2100969	142	9.702
47	T2DG4701117	184	10.0469