PEDNUM	ID	sbp	r
20	T2DG2000899	112	0
3	T2DG0300142	128	-0.2952
3	T2DG0300177	121	-0.4053
16	T2DG1600808	110	-0.5028
17	T2DG1700876	114	-0.5979
16	T2DG1600792	118	-0.6847
16	T2DG1600817	107	-0.7367
2	T2DG0200101	104	-0.7481
2	T2DG0200055	116	-0.9353
4	T2DG0400285	106	-1.0192
3	T2DG0300193	111	-1.0679
16	T2DG1600793	123	-1.1687
21	T2DG2100948	132	-1.2078
6	T2DG0600454	106	-1.2436
20	T2DG2000922	109	-1.3708
17	T2DG1700866	101	-1.3933
2	T2DG0200043	118	-1.4374
4	T2DG0400251	122	-1.4645
6	T2DG0600455	90	-1.6214
6	T2DG0600442	118	-1.628
10	T2DG1000602	96	-1.6298
47	T2DG4701135	104	-1.6324
10	T2DG1000612	101	-1.6531
6	T2DG0600457	107	-1.691
21	T2DG2100958	114	-1.8348
10	T2DG1000630	104	-1.9619
6	T2DG0600446	108	-2.0392
3	T2DG0300162	114	-2.0394
16	T2DG1600794	112	-2.3173
3	T2DG0300184	108	-2.3694
2	T2DG0200048	94	-2.4207
21	T2DG2100967	122	-2.4925
17	T2DG1700836	106	-2.5624
2	T2DG0200007	102	-2.6083
47	T2DG4701134	110	-2.6648
4	T2DG0400278	114	-2.8806
2	T2DG0200009	107	-3.0553
10	T2DG1000607	106	-3.1455
4	T2DG0400287	90	-3.2933
21	T2DG2100955	101	-3.4484
17	T2DG1700877	112	-3.6947
10	T2DG1000637	119	-3.7104
6	T2DG0600466	115	-3.7342
20	T2DG2000919	97	-3.7583
10	T2DG1000621	104	-3.8467
47	T2DG4701133	108	-4.1968
21	T2DG2100966	114	-4.1972
4	T2DG0400281	110	-4.3043
16	T2DG1600805	97	-4.3417
10	T2DG1000638	111	-4.3512
2	T2DG0200065	111	-4.4426
2	T2DG0200047	101	-4.4591
2	T2DG0200013	119	-4.4955
3	T2DG0300186	103	-4.5237
6	T2DG0600471	108	-4.6219
20	T2DG2000904	118	-4.6536
6	T2DG0600459	97	-4.6819
2	T2DG0200059	113	-4.9039
4	T2DG0400288	108	-4.9425
10	T2DG1000618	109	-4.9676
4	T2DG0400282	102	-5.0079
3	T2DG0300140	110	-5.1026
17	T2DG1700861	110	-5.1357
2	T2DG0200036	118	-5.1639
2	T2DG0200061	110	-5.205
6	T2DG0600395	104	-5.7435
17	T2DG1700862	94	-5.8283
3	T2DG0300173	114	-5.8804
17	T2DG1700867	105	-5.957
21	T2DG2100959	108	-5.9665
17	T2DG1700857	104	-5.9798
16	T2DG1600788	109	-6.0737
4	T2DG0400276	114	-6.1485
21	T2DG2100940	104	-6.1503
3	T2DG0300178	108	-6.313
3	T2DG0300164	111	-6.4424
16	T2DG1600789	108	-6.5005
3	T2DG0300169	104	-6.8338
2	T2DG0200089	98	-6.9278
2	T2DG0200088	87	-6.965
2	T2DG0200081	103	-7.493
3	T2DG0300170	94	-7.6729
10	T2DG1000594	115	-7.7564
2	T2DG0200057	117	-7.8156
10	T2DG1000626	89	-8.0923
16	T2DG1600778	96	-8.1809
6	T2DG0600434	101	-8.2822
16	T2DG1600815	102	-8.2905
10	T2DG1000627	106	-8.4008
2	T2DG0200066	110	-8.8595
16	T2DG1600774	110	-9.1697
2	T2DG0200071	90	-9.2587
6	T2DG0600456	97	-9.3344
20	T2DG2000912	111	-9.4605
17	T2DG1700864	90	-10.5921
3	T2DG0300148	96	-10.6697
16	T2DG1600816	101	-10.7474
21	T2DG2100971	107	-10.8504
21	T2DG2100965	103	-10.9499
6	T2DG0600474	92	-11.128
21	T2DG2100950	106	-11.2084
17	T2DG1700865	92	-11.3815
17	T2DG1700844	114	-11.4155
3	T2DG0300155	104	-11.4469
21	T2DG2100974	106	-11.728
10	T2DG1000629	96	-11.7617
2	T2DG0200053	91	-12.0933
21	T2DG2100961	101	-12.2759
2	T2DG0200063	113	-12.538
6	T2DG0600473	94	-12.649
2	T2DG0200006	97	-12.9717
47	T2DG4701130	105	-13.0242
2	T2DG0200056	94	-13.7236
4	T2DG0400236	104	-13.7763
16	T2DG1600804	104	-13.9914
3	T2DG0300141	102	-14.0206
2	T2DG0200070	95	-14.0253
10	T2DG1000625	97	-14.1431
6	T2DG0600441	92	-14.246
47	T2DG4701136	109	-14.5561
4	T2DG0400243	102	-15.4706
3	T2DG0300144	98	-19.8471
2	T2DG0200072	85	-20.321
10	T2DG1000609	80	-22.7369