PEDNUM	ID	FA	MO	SEX	MZTWIN
2	T2DG0200002	0	0	2	0
2	T2DG0200003	0	0	2	0
2	T2DG0200004	0	0	2	0
2	T2DG0200005	0	0	1	0
2	T2DG0200006	0	0	1	0
2	T2DG0200007	0	0	2	0
2	T2DG0200008	0	0	2	0
2	T2DG0200009	0	0	2	0
2	T2DG0200010	0	0	1	0
2	T2DG0200011	0	0	2	0
2	T2DG0200012	0	0	1	0
2	T2DG0200013	0	0	1	0
2	T2DG0200014	0	0	1	0
2	T2DG0200015	0	0	2	0
2	T2DG0200016	0	0	1	0
2	T2DG0200017	0	0	1	0
2	T2DG0200018	0	0	1	0
2	T2DG0200019	0	0	1	0
2	T2DG0200020	0	0	2	0
2	T2DG0200021	0	0	2	0
2	T2DG0200022	0	0	1	0
2	T2DG0200023	0	0	2	0
2	T2DG0200024	0	0	1	0
2	T2DG0200025	0	0	1	0
2	T2DG0200026	0	0	2	0
2	T2DG0200027	0	0	2	0
2	T2DG0200028	0	0	1	0
2	T2DG0200106	T2DG0200028	T2DG0200068	2	0
2	T2DG0201394	0	0	1	0
